100.0
100.0
99.99999993621948
99.99999980548111
100.0
99.9999994226286
100.0
99.99999930180275
100.0
99.99999923524851
99.9999989672698
99.99999945973288
99.99999952587031
99.99999870086212
99.99999917371188
99.99999961161132
99.99999882218258
99.99999823408494
99.99999868844992
100.0
100.0
99.99999931512141
100.0
99.99999901514371
99.99999800315628
99.99999857584177
99.9999991172133
99.99999755981571
99.99999715118786
99.99999661032257
100.0
100.0
99.99999697115258
100.0
99.99999570808608
100.0
99.99999803741579
99.99999548612078
99.99999551761631
100.0
99.99999513966029
99.99999327139679
99.9999924577807
100.0
99.99999035979886
99.99999659125803
99.99999240432001
100.0
99.99998916360674
99.99998185023888
99.99997861992287
99.99999173088794
99.99998405041924
100.0
99.99999408841651
99.99997868002676
100.0
99.99997922768095
99.99996278797185
99.99996392585686
100.0
99.99998736300597
99.99997222424155
100.0
100.0
99.99996329490727
99.99993777255297
99.9999478182556
99.99994510794076
99.99998451948125
99.99992491551974
100.0
100.0
99.99996810185213
99.99991612192142
99.99988491294535
99.99994082453293
99.99987480290919
100.0
100.0
99.99994804570855
99.99981555423551
99.99978140356374
99.99987901142764
99.99981145535632
99.99976988250455
100.0
100.0
99.99989871575876
99.99970198174165
99.99957846947125
99.99977367357255
99.99969236163041
100.0
100.0
99.99986736930926
99.99938729863838
99.99950435108545
99.99962399549302
99.9996575601537
99.99921010264995
100.0
100.0
99.99984568906663
99.99915459741536
99.99879975356676
99.99885642383526
99.99913697210901
99.99966621076359
100.0
100.0
99.99814421443496
99.99935352069014
99.99763856585747
99.99798523181734
99.99846945486723
100.0
100.0
99.99669523179631
99.99918301438721
100.0
99.9952074891418
99.9952816267736
99.99647985254964
100.0
99.99769303448852
99.99656029195508
100.0
99.99711053665241
99.99526496659264
99.99889522611407
100.0
99.9910122908464
99.99189873259006
99.99375925269449
99.99795924434795
99.99247512540207
99.99317839492667
100.0
99.99763923527614
99.99627531143646
99.99478691806922
100.0
99.99873286497375
99.98353283249615
99.98540865889227
99.98328353612875
99.99118932479307
99.99150678624959
99.98059255162615
100.0
99.99663144508783
100.0
99.99562223142598
99.96673804085592
99.9716625234267
99.99013204564889
99.96712352593937
99.97982925135827
100.0
99.99815616781564
99.99477423504246
99.98031503204929
99.95636814164956
99.99681874800228
100.0
99.94897958334757
99.96224010794725
99.99404928727105
99.99718046223397
99.93823608770943
99.95437867516985
100.0
99.9983856451414
99.99740983549489
99.9888181331462
99.9417800744648
99.90974851182168
100.0
99.92233642835589
99.94326924863515
99.97849064601589
100.0
100.0
100.0
99.87625399052732
99.95891754961971
100.0
99.90926260494135
99.86622086550594
99.83514916175307
99.91882645088654
100.0
99.97951615535725
100.0
99.76222399558154
99.95395382548557
99.74715887014618
99.68329055423943
99.8962473633893
100.0
99.96494239013832
99.79422299988383
100.0
99.54064202821809
99.75638133538564
99.4635635555237
99.74183905813463
100.0
99.29313634117244
99.92527489471215
100.0
99.75011313563176
99.16328761009309
99.59380103488155
99.84026953517964
99.47749054962799
100.0
98.71704619299044
99.14695662737762
100.0
98.9856631946998
99.44500851569022
99.2380352581542
99.8112220676522
99.61760411814134
100.0
100.0
98.52639691525785
98.25146134098812
99.30547923279295
99.03350146704445
98.67751703388234
97.88566645210491
100.0
99.68480952830865
98.96798017058079
98.16011483535988
97.17343644723658
98.96627646002382
96.7403087927795
100.0
99.55507241145074
97.83796127355203
100.0
98.45710184033926
100.0
98.02354733908666
96.35180460732579
97.16710120299796
94.97867371125456
99.34726663272494
100.0
100.0
98.972444161147
94.06867401305576
95.94168733579794
93.87153247510017
100.0
97.93329752756878
95.37036395584289
90.61617575240045
100.0
95.8449316918004
100.0
100.0
90.23195048175718
91.00400966178222
91.9799808698007
100.0
97.5497776548547
92.8912837144163
79.01487559969492
100.0
86.32902409829126
77.87139947512986
83.869351905051
100.0
91.51788277068266
71.88256826817444
100.0
76.6280135398699
57.26114034736392
63.430419496179084
85.76990063441785
100.0
88.90277966602554
46.415912818030215
100.0
76.54696508005827
30.769574197166293
0.0
63.11594850915132
77.672518121407
100.0
51.57529080376499
0.0
76.94510140418855
57.082510201090734
100.0
0.0
100.0
100.0
76.35931396352537
100.0
0.0
41.65642680275177
81.68547599750198
100.0
51.90601301133605
64.34909361971481
74.7717134368493
0.0
100.0
0.0
100.0
29.059777176179725
77.2544587057888
46.08152318237176
50.994403399877875
73.83953969993519
0.0
100.0
0.0
100.0
86.01990494493096
45.45723398506902
37.60517757290517
77.3794403919582
100.0
100.0
69.00332397119011
56.86640412615093
71.43864748125809
100.0
100.0
88.87693018972492
0.0
88.24737061369638
63.55779652138176
33.097443244033286
100.0
100.0
83.29205000728172
78.5381406089514
0.0
73.6157325613115
74.44806358828473
61.23635925853238
90.60113828919049
51.6254171916526
80.29942979615161
100.0
52.934387667439346
95.86838018162275
85.7405973906652
87.46385614105543
0.0
100.0
76.67578100489696
88.91089575324743
0.0
100.0
90.94739033293862
55.784803554500904
100.0
100.0
74.91314390684775
100.0
36.50823153903526
97.92935664141429
95.6695588965718
94.86633011985192
29.27634292174769
100.0
100.0
100.0
0.0
100.0
94.71525868390015
94.7448538504603
0.0
51.904154939668516
82.40868186063078
100.0
51.66460799835353
99.2915426432809
96.58351219188324
97.24794297622068
100.0
31.350851519348513
77.31803984360849
0.0
100.0
100.0
98.70123549844172
97.70226906528673
97.34774668846937
97.0369914707071
97.45887721145554
30.90376785236505
76.90223427639535
56.603059607473064
100.0
46.43567698769561
76.56789325817877
99.56888686022602
100.0
0.0
100.0
100.0
100.0
98.67309986107418
99.43943789617097
98.742899551931
98.79020463906177
100.0
57.285628848851225
63.142210089070105
77.67423314583158
100.0
88.90991812151627
100.0
76.64118359871635
99.74902179358783
99.118116927132
99.02558274239527
63.46943012070075
91.52293890813138
71.89810921883193
100.0
99.36270401528157
99.48065682183073
99.67646524998524
99.47814402605896
100.0
77.88870232559137
85.77718387196835
100.0
79.02814013926901
86.33702255406313
99.8631877176429
100.0
83.882721132273
100.0
92.89555668825047
100.0
99.6531255461103
99.66935635606981
99.86659846814231
99.67001843332265
100.0
91.01039677050727
91.98619747205925
97.55127865421218
100.0
90.23797179012314
99.93454157550885
99.78482672268397
99.81699009040872
90.62226456127225
100.0
95.37322865836096
97.93458139485185
100.0
99.77130799201466
99.80457138957021
99.93924683482246
99.88968911757263
99.86834172145444
100.0
93.87572505530555
95.84803652523992
100.0
100.0
94.07240891969181
99.85024742790141
99.91787479856603
95.9445624867864
94.98194535089496
97.1688866539861
98.97309083021493
100.0
100.0
99.9237075272802
99.96927316188211
99.943848377142
99.9175008407822
100.0
98.02490129162197
96.3542431672187
100.0
99.34768140247814
100.0
97.17524893088836
99.9401182412704
99.9280210296899
100.0
96.742442234234
98.45808516961041
99.55535676723184
100.0
100.0
99.97281764438002
99.96517089529439
99.94665397554671
100.0
98.16134849458085
97.83939688865298
98.96693719074985
100.0
97.88703978259046
99.97257799274821
99.96754859727858
99.95969657832755
98.9686760552565
98.25261171916719
98.52734408858986
99.68501176596725
99.30592478444864
100.0
100.0
100.0
99.97769520292978
99.96755178230971
100.0
98.67839421811453
99.03414700148213
99.61785077371816
100.0
98.7178807650865
99.98943715004165
99.98398664869661
99.98055833132531
99.97695122463719
99.9780312413206
99.23853834613632
99.14750773522819
99.81134423630246
100.0
98.98632836159426
100.0
99.98036385469408
100.0
99.98903840005165
99.44537655153047
99.59406409483906
99.84037309414558
99.1638333122831
99.29359558420828
99.99121458839575
99.99420826436864
99.98628490709926
99.9838074162032
99.98434733121816
100.0
99.75027788497708
99.47783437188305
100.0
99.46391425518392
100.0
100.0
99.99132129957734
99.75653949177223
99.92532340606103
100.0
99.5409414749945
99.99490648969518
100.0
99.99710849174085
99.99011490399668
99.99315344498429
100.0
99.7420085615748
99.96496517246729
99.7473238382259
99.68349667283418
100.0
99.99611835527006
99.79435758991397
99.89631479821035
100.0
99.76237887810142
99.83525639501953
99.99530862192482
99.99750506664832
100.0
99.99483076630592
99.99696611259168
100.0
99.97952947446039
99.9539837653846
99.86630801555971
100.0
100.0
99.99840365428909
99.99610531636421
99.91887924213422
100.0
99.90932176885967
99.87633455053775
99.99777482128547
99.99721818861892
99.99908551274589
100.0
99.99781441901713
99.99846467781235
99.92238696922149
99.9785046356593
99.95894426863259
99.94181801159301
99.9098072875748
100.0
100.0
99.99920651225575
99.99795215191632
99.94330615249399
100.0
99.93827629247271
99.99904414743877
99.99847299728083
99.99940867087936
100.0
99.99835914942601
99.99886398313295
99.99933475742372
99.94901278149591
99.98882540728533
99.9622646713667
100.0
99.99405315886078
100.0
99.99718229676854
100.0
99.99838669557731
99.99741152085238
100.0
99.95639655880413
99.9544083791944
100.0
99.9987442680838
99.99884451530812
100.0
99.99682081800248
99.96714492691034
99.96675968798759
99.99933116467837
99.99919398672242
99.99965252181697
100.0
99.99910546234851
99.9994895430474
99.99926231855719
99.97168096216774
99.98032783920891
99.99013846627128
99.99477763532246
99.99815736758977
100.0
99.9798423843339
100.0
99.999279675887
99.9994624168166
100.0
99.99562508001172
99.99663363700958
99.99119506033607
99.98329441655468
99.98060518097105
99.99969763144635
99.99944681043638
99.99943943237838
100.0
99.99951006641737
99.99971802215806
99.9854181536443
99.99151231275087
99.99764077144411
99.99479031027037
100.0
99.98354354941705
100.0
99.99959712181374
99.99968270538803
99.9998043981855
99.99873368951815
99.99627773513475
100.0
100.0
99.99318283512498
99.99376331454563
99.99101813966578
99.99961060295365
99.99980210487337
100.0
99.99976110737896
99.9997801444272
99.99248002200783
99.99796057230357
99.99711241688101
99.995268047777
99.99889594501362
99.99190400485882
99.99984264944402
100.0
99.9998261973851
99.99978195382448
99.99987461042139
99.99988199193947
100.0
100.0
100.0
99.99656253061762
99.99528469735375
99.99521060785248
100.0
99.99983765553377
99.99990497868446
99.99769453568885
99.99669738231027
99.99918354602408
99.99648214345311
100.0
99.99994115224156
99.9998987453764
99.99986666237344
99.99992176262235
99.99995081552888
100.0
100.0
100.0
99.99847045090432
99.99798654294575
99.999936909705
99.99990667305059
99.9999451697004
100.0
99.99995884542754
99.99814542206107
99.99764010254755
99.99935394137695
100.0
100.0
99.99995154733668
99.999927913598
99.99991685891507
99.99995657473472
99.99994197083866
100.0
100.0
100.0
99.99913753373204
99.99885716801995
100.0
99.99993384769682
99.99997789387132
99.99997123688027
100.0
99.99880053462125
99.99915514755223
99.99966642797314
100.0
100.0
99.9999551950067
99.99996323611258
99.99997065874715
99.99998049461036
99.99996675862876
99.99984578948313
100.0
100.0
99.9996242401788
99.99921061667283
99.99997321760527
100.0
99.9999891371432
99.99998705121769
99.99938769734968
99.99965778299364
99.99986745561768
99.9995046736282
100.0
100.0
99.99999053840281
99.99998482539068
99.99998489716596
99.99998841325069
99.9999856269453
100.0
100.0
99.9997738208541
99.99957874378076
100.0
100.0
99.99999239950083
99.99999414951421
99.99969256182393
99.99989878166878
99.99970217567544
100.0
99.99999175185613
99.99999204107264
99.9999929789096
100.0
100.0
100.0
99.9997700322527
99.99978154581444
99.99999487071986
99.99999388671714
99.99999503491871
99.99999703933405
100.0
99.9998115780506
99.99994807951738
99.99987909016056
99.99981567426263
99.99999491682931
100.0
99.9999951510562
99.99999703274327
100.0
100.0
99.99987488438073
99.99988498783769
99.99999771556548
100.0
99.99999748968433
99.9999966885176
99.99999724576118
99.99999784948493
100.0
99.99991617650458
99.99996812260962
99.99994086304119
99.99999716201332
99.999998816536
100.0
100.0
99.99994514366163
99.99992496438072
99.99993781304714
100.0
99.99999883754556
99.99999826894523
99.99999811273939
99.99999842020493
99.99999858248516
99.99999904726194
100.0
99.99996331879287
99.99998452955506
99.99994785221261
99.99999923363804
99.99999891187835
99.99999912993495
100.0
100.0
99.99997224231652
99.99996281218736
99.99996394933193
100.0
99.99999962356893
99.99999896934919
99.99999924652768
99.99999951572347
99.99999928421524
100.0
99.99998737122937
99.99997869390064
99.99997924119836
100.0
99.9999992244758
99.99999930820107
100.0
100.0
100.0
99.99997863383581
99.99998186204968
99.99998406079828
100.0
99.99999971522108
100.0
99.99999972359717
99.99999409226346
100.0
99.99998917065844
99.99999173626902
99.99999967397622
100.0
99.99999036607208
99.9999924626887
99.99999327577537
99.99999240926282
100.0
99.99999986474033
99.99999659347621
100.0
99.9999951428231
99.99999984703193
100.0
100.0
99.99999982771271
100.0
99.999995710879
99.99999552053318
99.99999661252845
99.99999548905814
99.99999803869291
99.99999697312359
99.99999756140362
100.0
99.99999983500278
100.0
100.0
99.99999857676855
99.99999715304176
99.99999911778777
100.0
99.99999868930347
99.99999800445578
99.99999823523417
99.99999901578461
100.0
100.0
99.9999993155671
99.99999882294901
99.99999961186406
99.9999987017076
100.0
99.99999896794186
99.99999946008447
99.99999923574616
100.0
99.99999917424961
99.99999952617881
99.99999980560764
99.9999993022571
99.9999994230043
100.0
100.0
100.0
99.99999993626095
100.0
